  78
  76
  44
  53
 203
 185
   4
 144
   6
   6
 102
 148
 148
 109
  75
   4
  50
  33
 138
 241
 138
 235
  40
 178
 174
  89
  92
 107
  72
 144
 249
  56
 209
  14
 167
 215
 210
 124
 212
 107
  67
 218
 180
  76
 145
 166
  33
  75
  90
  35
  10
 221
 150
   9
 161
  78
 188
   9
 190
   3
  67
  86
  47
 251
 161
 224
 208
 234
  48
 137
 131
 255
 247
 210
 138
 152
 234
  93
 216
 231
 229
  73
 210
 157
 214
  69
  89
 130
  87
 157
  48
 136
 172
 168
  34
 146
 250
 112
  59
  19
 173
 217
  51
 146
  89
 166
 192
  55
  99
 120
  88
 163
  21
  67
 144
  37
 107
 212
   1
 169
 129
  75
 230
 208
  50
 220
  52
 204
   2
 171
 132
 254
 143
  14
  27
 195
  34
 116
 177
  48
 135
  93
 186
 233
 227
 208
  77
  21
 160
  26
